normalised distance evaluations: [1.0, 1.0, 1.0384615384615385, 1.318840579710145, 1.0, 1.75, 1.0, 1.368421052631579, 1.6666666666666667, 2.5625, 1.9787234042553192, 3.4583333333333335, 0, 1.0, 9.25, 1.0, 1.0, 1.7407407407407407, 1.4390243902439024, 2.25, 1.0, 1.0, 1.3478260869565217, 1.5454545454545454, 1.1538461538461537, 1.0, 1.6153846153846154, 4.133333333333334, 1.7692307692307692, 1.196078431372549, 1.0, 1.0, 1.0, 1.3636363636363635, 1.2352941176470589, 1.3333333333333333, 1.1518987341772151, 2.0, 1.2142857142857142, 1.2580645161290323, 1.1354166666666667, 1.0, 1.2641509433962264, 1.8571428571428572, 1.6111111111111112, 1.4, 1.6666666666666667, 1.2142857142857142, 1.162162162162162, 1.125, 3.0, 1.4313725490196079, 1.0, 1.0, 1.425531914893617, 1.0, 1.0, 3.25, 1.0, 1.7692307692307692, 1.0, 1.375, 1.0, 2.0, 1.0, 1.125, 1.0816326530612246, 1.5263157894736843, 1.4, 1.305084745762712, 1.0, 1.0, 1.048780487804878, 1.25, 1.3278688524590163, 1.3636363636363635, 1.2941176470588236, 1.6296296296296295, 1.3703703703703705, 1.625]
average normalised distance evaluation: 1.5021735789332822
time/optimal_time evaluations: [4.876552740732829, 1.6819944977760315, 7.696107350862943, 2.899824778238932, 1.2156736850738525, 4.711128771305084, 0.989830493927002, 2.3307226206126965, 2.5978441039721174, 6.258346885442734, 3.0785453065912773, 8.363032042980194, 1.0, 2.446945478331368, 18.103881180286407, 1.2644592920939126, 5.7069333394368496, 2.759803666008843, 1.939551946593494, 4.98004424571991, 1.6253920162425322, 1.4164559208616918, 2.5353282430897592, 2.2856697169217197, 1.7396534406221829, 1.552271842956543, 2.0507699709672194, 6.673720995585124, 4.250699373391958, 2.3481364811168, 1.428230879963308, 2.0921866099039717, 1.4623349905014036, 2.462800416079434, 1.8740844726562502, 2.1351629495620728, 1.641761532312707, 3.3013692923954556, 2.2881154786972773, 1.6511344909667969, 2.0847974965969724, 1.4493465045141796, 1.8796356669012106, 3.80711419241769, 2.4888710843192206, 2.107313315073649, 2.9271184352406285, 1.5960052183696203, 2.117613006282497, 1.675015240907669, 4.086925983428955, 2.582526300467697, 1.8309510605675834, 1.416866129094904, 4.2585874111094375, 1.8054083983103435, 1.3178673728567656, 4.894758462905884, 1.5451764618908916, 2.34466613867344, 1.3125138697416887, 2.07265242934227, 1.7187400658925376, 2.962786555290222, 1.6085876737322127, 1.5702835222085318, 1.6004014501766282, 2.802694722225792, 2.0311111103404653, 1.6358877844729665, 3.8112998008728027, 1.497155398857303, 1.5687139441327351, 1.902314467089517, 2.0613221262322097, 2.1010527285662564, 1.8333817930782543, 3.1115377832342075, 2.2914644523903176, 3.3952419459819794]
average time/optimal_time evaluation: 2.7852776130571097


ud-248.1875

ud-235.778125

rl-180.861

rl-171.81795

ud-223.98921875

ud+245.20000000000002

ud+263.40000000000003

ud-250.23000000000002

ud+275.6

EOGExp_27-04-2015_TL_1.txt
[INFO              ] [Base        ] Leaving application in progress...

Process finished with exit code 0
