normalised distance evaluations: [1.0185185185185186, 1.0, 1.4285714285714286, 1.3703703703703705, 3.869565217391304, 1.8444444444444446, 2.2432432432432434, 1.5862068965517242, 3.5555555555555554, 1.736842105263158, 4.75, 3.4285714285714284, 1.0, 1.264367816091954, 1.0, 1.5106382978723405, 1.9811320754716981, 1.0, 1.1126760563380282, 1.5, 1.7647058823529411, 1.4210526315789473, 1.303030303030303, 3.0689655172413794, 1.0, 3.1875, 62.5, 1.0, 1.0875, 1.0]
average normalised distance evaluation: 3.8511152596152924
time/optimal_time evaluations: [3.7151164920241744, 1.5772417115002144, 2.3976656368800575, 2.380772961510552, 8.716835664666219, 4.190629323323567, 4.064658912452491, 3.4571553509810875, 5.010954009162055, 3.379016298996775, 8.362154563268026, 9.557781900678362, 2.0351513889100814, 2.305428159647975, 2.019196412502191, 2.3267357400123108, 3.786416413649073, 1.371055046717326, 1.6533904008462397, 4.971941709518433, 3.0090634963091683, 1.9715352644000137, 2.063576669404001, 6.913967625848178, 1.3188929306833368, 6.268104687333107, 100.26424527168274, 1.764166303302931, 2.507406860589981, 1.4604552154955657]
average time/optimal_time evaluation: 6.827357080743208


196.5590909090909 259.46869409660104

186.73113636363635
177.39457954545452

246.495259391771
234.17049642218242

222.4619716010733
211.33887302101962
200.77192936996863
190.7333329014702
181.19666625639667
172.13683294357682

163.52999129639798
155.35349173157806

168.5248505681818

147.58581714499914
140.20652628774917
133.1961999733617

126.5363899746936
120.20957047595893
114.19909195216097

108.48913735455291
103.06468048682525
97.91144646248398
160.0986080397727


