normalised distance evaluations: [1.0204081632653061, 1.037037037037037, 1.2839506172839505, 1.1095890410958904, 1.0, 1.0, 1.5909090909090908, 2.9696969696969697, 1.0, 2.1666666666666665, 1.6666666666666667, 1.0, 1.0, 1.7222222222222223, 1.0, 1.1777777777777778, 1.0, 1.6046511627906976, 1.0, 1.15, 3.5294117647058822, 1.7428571428571429, 1.0, 2.04, 3.7666666666666666, 2.625, 2.0, 1.6, 1.3728813559322033, 1.9714285714285715]
average normalised distance evaluation: 1.6049273639000912
time/optimal_time evaluations: [4.100398579422309, 7.426495905275697, 2.4761495178128468, 2.089259983742074, 2.240747563979205, 1.1287283566262987, 4.556217031045393, 6.077448454770175, 2.5533881331935073, 3.635939160982768, 3.6791634559631348, 1.0024535655975342, 1.4880506453975555, 3.714767429563734, 1.4832770665486654, 1.8500235345628526, 1.6071905729905616, 2.820823469827342, 2.153260001429805, 1.8071012496948242, 4.690740879844217, 2.7222591127668108, 1.6348417427228845, 3.5068315982818605, 6.683094024658203, 6.0781315714120865, 3.589045802752177, 2.531225264072418, 2.4154488110946395, 5.731899125235421]
average time/optimal_time evaluation: 3.249146720375566

rl-209.0

rl-198.54999999999998

rl-188.62249999999997

rl-179.19137499999997

ud-229.89999999999998

ud-218.40499999999997

ud-207.48474999999996

ud-197.11051249999994

ud-187.25498687499993

ud-177.89223753124992

rl-170.23180624999995

ud-168.99762565468743

